8.239729715622836181e+01 1.136383736103951847e+01
9.522907044516367137e+01 5.528575380113244364e+01
1.944738818306819894e+01 9.212581575481492280e+01
2.361361157317348614e+01 4.950120828556884334e+01
7.964805647714439374e+01 2.991467017210771573e+01
1.920309477448607582e+00 6.328874210048874005e+01
2.152467627149292895e+01 6.881245787665828395e+00
6.605539823232935248e+01 1.795658185982917487e+01
2.932041926743482207e+01 7.369536141571371957e+01
2.898111521684616321e+01 5.411929034354132284e+01
4.624510609835624564e+01 1.911180877085393703e+01
6.861301705642279103e+01 1.979922550721057917e+01
4.971389567931829845e+01 3.704062078010319681e+01
3.293628340258090148e-01 1.296698041864064521e+01
1.984822620630647450e+01 7.227048621153015517e+01
9.022706807135934071e+01 1.854001382297836997e+01
9.223537528525822893e+01 8.297069695916525234e+01
3.708998730270657518e+01 4.582731879587625912e+01
6.493912756673019260e+01 5.136900681600393881e+01
7.116823232321452508e+01 8.362674190831684484e+01
2.066736264185391292e+01 2.912011324852710192e+00
1.587899174349335674e+01 9.984457171514843310e+01
7.211505788011245954e+01 9.174788547295513297e+01
1.028789929593349761e+01 5.598716216906307608e+01
3.895785908166219258e+01 2.598659020196021885e+01
7.181390904440260670e+01 9.338475884561648854e+01
4.475376566162042735e+01 1.257675071832572655e+01
9.620349262664257139e+01 5.211839929787367254e+01
5.503041062272638584e+01 9.320459100101356142e+00
9.165030815249789242e+00 8.071834537234080642e+01
7.246623084529592518e+01 2.826746265788910151e+01
8.425462482695216693e+01 2.551182784396774395e+01
5.149841804592796279e+01 9.017169619452753082e+00
2.401928418503109786e+00 5.864326998528245127e+01
7.122002075017431366e+01 3.037054479605077972e+01
8.248894414049058810e+01 9.988181800576010971e+01
9.202277105861472961e+00 2.216194929655732082e+01
2.880294622331994958e+00 1.506537735232402397e+01
4.333284001021312548e+01 4.326961121674143129e+01
6.878143906070917524e+01 4.337806019158011850e+01
5.239522981103286980e+01 5.006027894563054303e+01
8.703548884346870906e+00 3.657547758732711873e+00
3.402809255478349115e+01 6.503054437461800319e+01
6.491236238037811290e+01 3.164145151695304037e+01
5.380340081351035764e+01 6.246514849479549980e+01
7.753052584711952022e+01 9.212934397725824454e+01
3.539895514743353999e+01 9.013087646576151712e+01
3.350893665734162852e+01 9.925077934714535388e+01
4.931105824620977529e+01 6.805243541861531753e+01
7.170998317734803607e+01 4.265417705413614158e+01
7.684721382188016037e+00 8.528525972984975567e+01
1.692671120023667442e+01 7.629150379276438798e+01
3.875665224099375905e+01 3.919367056302431251e+01
3.132301454028254994e+01 5.944402835305967159e+01
4.957490477225505998e+01 8.560137459337775567e+01
8.485215389395698082e+01 9.536261516407253680e+01
6.341505053612173270e+01 9.689332549315567533e+00
5.234350960345170733e+01 3.011599603580124551e+01
1.540125576565100651e+01 6.311822173330850205e+01
3.940972547950675420e+01 7.933703799701157777e+01
1.853070851346976511e+01 3.047188642922411006e+01
8.991591478228379231e+01 3.160409966092747425e+01
1.720547420773910119e+01 8.747805663732721371e+01
8.284067175483362178e+01 9.156266883554062019e+01
1.252001338290051446e+00 2.839865951258626708e+01
5.851465554838751615e+01 2.224386521719576137e+01
8.536208699707039216e+01 4.624905672215346897e+01
2.558609467259891801e+01 9.301957259560914792e+00
3.977384368878502841e+01 9.739174595912534471e+01
2.899584557348669023e+01 1.054621898128940671e+01
9.802427561861661331e+01 9.175523887004482049e+01
8.331790765901929774e+01 8.447978817135086160e+01
1.287844763737099640e+01 8.501425389433943991e+00
3.074529065319583410e+01 5.178916195956485780e+01
9.803821868171831966e+01 5.155289277972322282e+01
6.085485003928413761e+01 4.381738018422265668e+01
4.120912609678186556e+01 6.171164282677305835e+01
7.225786185462858668e+01 9.949903003848112348e+01
9.125426890852594397e+01 6.466523942754848520e+01
4.914502755233321096e+01 7.826775427827041653e+01
8.676917971427047860e+01 9.730750550390571618e+01
4.909666741690443104e+01 7.872559282869360686e+01
3.027848556185070450e+01 7.450103795831140019e+01
1.831841814253405687e+01 3.850031599332593402e+01
2.119587735328631317e-01 2.208048134207747992e+01
2.157951138055860696e+01 4.613880740764495414e+01
1.080404678862730350e+01 9.389904280840374895e+01
7.216679704010803675e+01 4.654804228178600312e+01
4.385554773912557636e+01 5.538912785956129170e+01
3.411472064168877694e+01 1.007229490674673222e+01
8.457333291162426292e+01 1.084630066102664081e+01
4.934661665435257305e+01 4.728857108731222070e+01
6.936905242938969707e+01 9.215181120305871332e+01
3.829061856413754583e+01 6.478035411088744411e+01
5.867939687272505012e+01 9.118830081596426851e+01
3.773634305118412868e+01 3.101628922439007496e+01
8.640541708395137732e+01 6.623261760279191890e+01
7.630491255610478163e+01 1.463120715442635422e+01
2.547750781545299503e+01 4.043988573385396990e+01
8.772845682116619059e+01 2.618929162909709518e+01
1.834110278558968687e+01 4.641109595373789887e+01
1.119145001805920536e+01 5.182841701983866045e+01
4.301671778923679312e+01 1.477012644278357101e+01
4.578641566717364952e+01 9.049921133113056726e+01
5.673182893392249326e+01 3.688905753050421055e+01
5.152026473149670238e+01 3.762531431281254868e+01
7.806520004666653278e+01 5.768498324681306144e+01
8.387427487591014597e+01 7.620459691444625605e+01
2.261569282161802619e+01 7.093723903919440943e+01
2.276565601246694825e+01 6.457348580685140860e+01
7.934361224963497250e+01 4.395030394380460947e+00
9.489424177207716582e+01 8.880386226289154195e+00
4.576944380335949347e+01 1.003383100500043135e+01
4.765914536437911408e+01 7.857779892095263108e+01
3.626278212119954958e+01 2.610937800542887999e+01
2.313974873309012192e+00 1.440916821100244682e+01
8.534640725019686158e+01 8.119953366983659748e+01
4.577301943012187735e+01 6.241480021849963578e+01
6.680983065944622012e+01 2.042987170649220730e+01
2.931025793278136504e+01 7.568520171366873939e+00
1.760235122293343224e+01 9.799295510071932824e+01
7.657075397510581638e+01 4.665689125967067241e+01
7.276626926509955240e+01 8.250384413753815238e+01
9.691301234854059032e+01 5.532302765889234308e+01
3.652256128216281184e+01 5.874672241450600296e+01
2.116152258643951356e+01 6.426591983263656971e+01
8.469579153912877700e+01 5.765887198860703933e+01
6.522739215997391682e+01 6.300556858210152456e+01
6.099852363625473117e+01 6.145516143248190843e+01
8.112052645586455668e+00 3.907708187544582046e+01
2.158092596641784766e+01 8.337340666138260303e+01
3.869643427370881028e+01 5.596847792899630747e+01
1.471520029693618525e+01 9.112484063539879742e+01
5.539076046803536002e+01 6.492678866019788586e+01
2.258566060223880356e+01 7.352350171353830888e+01
3.652907029563984054e+01 4.317835264055913314e+01
4.633514026474912839e+00 1.873403606877384675e+01
5.781111794421966721e+01 8.549968511122264658e+01
6.887309172603912089e+01 4.958245463184195501e+01
5.550932514272133744e+00 9.863934009272574599e+01
8.976418068155841468e+01 4.030309777720975717e+01
5.229886437407641253e+00 7.999093182384545742e+01
5.351443353738376629e+01 3.933409449613377973e+01
8.251244713669291286e+01 8.627139599354536870e+01
5.005432015753086716e+00 2.266796916847488319e+01
8.167654279697526221e+00 9.351541641797656723e+01
4.309787100325239351e+01 4.009457604964011068e+01
3.873391609579972794e+01 6.739879351453798506e+01
7.701891245181621493e+00 2.505779197675073178e+01
5.048723800596186528e+00 5.889453094401142152e+01
9.822862544014519415e+01 5.637592457066100593e+01
4.264732051764024590e+01 3.617775879622332269e+01
5.884572801126434172e+01 6.777856152866900175e+01
6.129397790007944025e+01 5.267789631741023015e+01
9.277247236705035505e+01 2.866440020905081099e+01
9.606319372358879605e+01 2.195558865645694979e+01
4.701338063320768157e+01 3.365752298089560668e+01
9.255205392490701399e+01 5.744418742016152635e+01
1.382011199082253050e+01 5.923192284965511334e+01
9.540968169244456476e+01 3.940878554219789720e+01
7.187347024300762222e+00 1.458948748865606682e+01
6.726738380606630585e+01 6.532292015167089971e+01
9.398732040728783943e+01 2.591382610887001547e+01
4.786941476532696527e+01 5.155072968991041193e+01
8.520825267080601861e+01 1.051246170444063033e+01
6.795664912460215135e+01 5.757016160412234029e+01
1.680208440721132135e+01 4.006273776295722655e+01
7.947152330515511665e+01 4.236437866574357258e+01
5.695386615439963407e+01 8.773596761177105918e+01
5.305888776344195179e+01 2.801336903498199504e+01
5.392719514385201052e+01 7.580735062985091588e+01
2.735808027319520619e+01 3.091232121498897456e+01
4.142478291942961022e+01 4.362430514005212956e+01
1.194466697608338013e+00 5.886762536078114749e+01
9.893036312373837404e+01 2.940238673677779246e+01
7.176676540252135794e+01 9.667549296127421599e+01
8.441146052647916065e+01 2.020095196561932127e+01
4.821432100060130921e+01 3.720298755783726818e+01
1.301033814112206066e+01 2.161327852942667604e+01
5.252559974441565060e+01 6.175313613459147977e-01
4.424183650139804769e+01 4.326139080490050048e+01
2.129016119115527683e+00 9.449000777420121722e+01
2.389239446441288806e+01 9.364117160143385377e+01
9.031666451614194102e+01 4.452202238353063279e+01
6.472297434914995051e+01 7.732167284810994090e+01
1.452466035938107503e+01 9.671502965349472447e+01
1.832830813635527534e+01 1.901693754783688917e+01
1.963446890918280374e+01 2.083816822657276191e+01
6.409955903147326239e+01 6.813610511279483717e+01
6.262611288699606860e+01 7.274546300654553477e+01
6.638663460797938853e+01 4.674922001862396570e+01
9.127124240215459849e+01 6.557458549066194742e+00
8.387913139717613831e+01 4.362989735958627335e+01
4.034492696651486909e+01 8.401032359526041660e+01
3.027261096531181028e+00 9.384220721844685897e+01
1.468037539845349926e+01 9.433143343512500678e+01
6.246753850135371522e+01 9.585064407244820472e+01
6.859610703242761076e+01 1.229646392739213390e+01
5.904568394601609072e+01 9.378982591153580017e+01
3.472844140358662401e-01 2.311746474500627357e+01
6.674736210459253982e+01 7.524265515396496085e+01
5.925297870265924161e+01 8.568997824829537535e+00
2.411204996710273107e+00 9.529266706448638047e+01
8.962410045304525852e+01 7.148000517463312065e+01
6.733064920051519664e+01 4.088002431247384294e+01
5.317648823986598217e+01 8.879744898937524056e+01
8.258727485434491200e+01 6.259553849817977067e+01
8.571300328975218008e+01 6.885024158696188579e+01
4.409289669436071790e+01 4.979118260079584246e+01
5.836018042562537289e+01 2.531817849973132084e+01
2.061084556421770131e+01 5.056808490798253786e+01
2.204809003604952977e+01 7.373448059602382898e+01
1.461450490849768080e+01 3.951187522127845853e+01
2.830932416408756680e+01 9.621499329629121178e+01
5.881053179447097534e+01 4.255226382173237454e+01
1.140250536212814225e+01 6.099213331983989406e+01
1.078331592063573829e+01 5.653655475775551054e+01
8.185473330405295656e+01 2.446739251002082227e+01
7.503547741800335302e+01 7.777847539530065468e+00
8.151232818212002940e+01 7.502710976406331156e+01
1.453898493877564846e+01 1.176780216012513414e+01
7.982795409850215407e+00 4.393099152666097496e+01
8.648325534839335660e+01 4.757606640810895016e+01
8.568199681382719035e+00 8.300762580847722560e+00
6.483731733860322777e+01 1.222244017395304461e+01
3.668983268397386865e+01 1.840989371687634701e+01
2.618774125640641159e+01 6.185815425676207724e+01
3.688526397425926007e+01 9.527118429321384951e+01
7.038986406772856697e+00 6.774472867499325446e+01
1.167572015508810068e+01 4.801746613719382850e+01
9.559353254530277866e+01 9.313197126292249095e+01
1.432733797204091220e+00 4.942589898101329027e+01
6.164833915496633665e+01 1.200825977698353064e+01
3.041815349385987943e+01 6.211973119625808692e+01
2.397788540645404254e+01 1.887235945038141693e+01
1.414354369702913949e+01 6.813286662480462041e+01
3.587759525323174614e+01 6.559956216514089888e+00
5.457742235370791661e+01 1.801942098793546521e+01
1.115139220429183453e+01 4.175702707923809953e+01
9.118292606025138980e+01 7.784593490783400682e+01
8.985419468481754279e+01 9.181627896233288766e+01
5.393601011202484585e+01 6.123291890194310128e+01
8.010527839889064694e+01 4.118420702460417715e+01
9.317073649408795788e+00 5.106444309980815177e+01
5.762439936288836861e+01 5.163566416671297787e+01
6.965508515464844663e+01 3.846027522276168753e+01
8.021730230199979417e+01 1.670546360160478727e+01
9.455139850943879765e+01 7.224478059087171289e+01
6.406105955320460055e+01 7.540093049192844887e+01
3.663384939387154304e+01 8.155618411561296455e+01
2.274039114021714525e+01 3.468800998976826833e+01
8.575245313614256304e+01 2.641930199527149270e+01
7.805496616198446702e+01 7.000011800322687350e+01
8.460393179422426968e+00 1.795145064496968601e+01
3.465691424657447328e+01 2.190713198944327189e+01
9.415191262688111351e+01 8.430941732801004207e+01
5.971034781993849094e+01 1.829184704380661586e+01
9.984803120598570558e+01 7.212100688932510195e+01
6.809016879093375607e+00 2.407127470898966948e+01
5.049057675082728736e+01 3.189802073496301915e+01
1.898138738189888652e+00 9.151699654362955982e+01
9.468447188599244058e+00 4.772122765319478432e+00
2.667925475476274855e+01 5.911415124270792631e+01
4.342356857071796838e+01 8.694758000175821167e+01
5.239427045564831964e+00 5.525418122078021099e+01
2.737518806353918421e+01 1.256143842477418460e+01
3.663271313376385763e+01 8.232176759388380560e+01
1.421978828228069069e+01 6.268399733243695948e+01
5.420099387606651931e+01 9.192442693371532414e+01
9.669654969903479014e+01 2.551268638368355113e+01
8.462683767295760617e+01 8.112847664446033491e+01
6.807605664621854658e+01 2.325111121090646549e+01
7.850529243168668359e+01 3.066243605253400517e+01
4.322387447730818621e+01 6.078822354822802865e+00
8.840058994870659603e+01 6.681036039572691720e+01
2.949435768159774796e+01 8.264871024649995945e+01
7.457313713364914065e+01 4.521476423610689466e+01
7.072745061979044578e+01 5.515959507560338437e+01
3.628807167349759055e+01 3.885246293565838727e+01
6.210357419313098148e+01 1.458901693792502208e+01
4.525145299045902192e+01 5.608255381513506421e+01
6.216137616995786175e+01 8.655403255790193384e+01
5.336439290706272942e+01 3.531179252793630496e+01
1.796050272787013213e+01 7.192064955454350184e+01
1.713541374408426421e+01 1.391889467552252846e+01
6.907848975112591461e+01 5.844881774785407913e+01
9.730128073007860223e+01 2.662184700678188420e+01
4.121086399127303679e+01 8.741030170927304255e+01
4.349285547784197092e+01 4.650306852837235994e+01
3.305710103970817215e+01 4.326955948177239009e+01
7.858135200970869505e+01 9.398541976417666532e+00
8.131919153096116304e+01 3.583434658862387323e+01
4.975324131071252509e+01 5.287882110703682059e+01
1.132763880832476566e+01 2.953462220241065239e+01
5.615646920919253660e+01 3.392898218423546552e+01
2.133928384694237579e+01 6.804749582337564107e+01
1.455056430518187938e+01 5.876729458513077731e+01
2.036854020337040438e+00 2.670256869248234111e+01
3.610111066890001297e+01 3.309403687393946303e+00
3.914375032258394782e+01 6.623555522702427822e+01
1.911437628749495943e+01 2.192377020694491030e+00
3.172699922310514609e+01 3.192701508846460712e+01
6.585599727270007975e+01 7.104708956137629983e+00
7.515220477951328348e+01 6.908045176839476653e+01
2.784774630695941866e+01 2.251379137044483159e+01
4.921636006292717980e+01 7.133959362811388871e+01
7.464899736207397041e+01 8.766286703183449447e+01
5.389842221229264396e+01 1.861268036002883974e+01
2.080505738072332633e+01 1.041846182682479949e+01
4.234547691528940305e+01 4.252574822983040548e+01
4.963045718596804079e+01 2.566632666888941827e+01
9.474677848385030643e+01 4.742417565892645115e+01
6.993796702937127918e+01 5.179586543319554437e+01
2.313545901474331501e+01 6.298193142888226248e+01
5.064479846071675695e+01 7.209570662681744402e+00
2.582225102271057793e+01 1.426694319316509407e+01
2.468540506655602229e+01 8.101083276840431324e+01
2.353658095166859354e+01 3.957489008995466406e+01
6.524121680541020396e+01 7.062911138433456415e+01
1.805328699669487946e+01 1.243513110672828326e+01
6.423099653992382230e+01 3.506164505847806367e+01
9.804357653392645489e+01 1.161737880279187962e+01
1.882694946547362491e+01 9.672811589982738667e+01
1.099505909299247897e+01 3.078761470075119888e+01
1.179844742258938339e+01 9.043587394544661606e+01
3.001076398883515850e+01 7.794370226466269003e+01
4.857281364899725418e+01 6.451766568446423378e+00
1.888689767517470841e+01 3.782249597731162538e+01
7.288414103578968195e+01 6.176293569699065955e+01
7.338031449978254273e+01 5.563526165468397267e+01
5.236337750794523060e+01 7.284768804574743228e+01
3.635302699932503767e+00 2.813297329849236306e+01
1.856884719737286105e+01 1.750246855314004701e+00
7.969394911997669340e+01 5.927084505524059210e+01
6.572261167025314421e+01 9.907156797082701871e+01
3.689406390157251536e+01 4.951021803985825898e+01
1.127315369028279335e+01 3.821175328372593327e+01
9.384701493840991304e+01 3.220148851731861606e-01
7.316970293092062150e+01 1.371719656219575434e+01
4.185016986068811917e+01 8.607729714646810137e+00
1.035797656996081351e+01 4.300753434328712643e+01
2.278379351961603128e+00 5.283022017815626015e+01
5.190178814898328596e+01 1.321155178044529421e+01
6.272176982030354964e+01 2.033790388160287677e+01
5.854965716532881714e+01 7.927997944843022537e+01
7.960199433360341459e+01 3.550912385597318632e+01
4.922632041816893889e+01 8.175893411122213905e+00
1.678362317233515100e+01 2.181545860218604105e+01
6.482299294547317459e+01 6.049413553462090931e+01
1.332435566621104073e+01 3.551221389114493832e+01
4.872376567159023608e+01 8.771286368729214189e+01
8.050767522328889925e+00 5.259605280710199793e+01
3.187603220896610523e+01 4.408885074969793294e+01
7.959797460567111216e+01 1.760416110865965322e+01
2.578005456634799941e+01 9.382642656277234039e+01
1.564188511839224383e+01 7.139629259304902575e+01
3.189042808110379923e+01 8.689880295977872038e+01
2.241101680435753352e+01 8.266861363438358978e+01
7.038147727510960294e+01 6.446292342825928756e+01
1.705897618879516386e+01 6.802077697032167691e+01
1.210962767345347757e+01 6.402976613679423679e+01
8.163392729202001874e+01 2.466275865429209446e+01
1.848918517049829902e+01 4.043268255909563891e+01
1.182897510557853415e+01 1.968293698489802779e+01
6.581739898110618547e+00 6.216219862092388837e+01
4.483081225530747815e+01 9.937511454307245629e+01
6.383803792476562222e+01 8.270785714625746721e+01
5.072863411657914412e+01 3.867720371981952354e+01
2.706969856613766989e+00 9.024505749821898348e+01
1.490781610594495099e+01 7.507776137212186995e+01
1.551044393121751241e+01 4.173253846435460446e+01
6.141547544925263225e+01 8.212401987152361471e+01
4.428621844588136724e+01 5.999300920404168380e+01
5.936812370054802557e+01 9.711751127481345236e+01
7.982536842107091957e+01 9.797385451289538594e+01
3.665105818614878785e+01 3.393519820363037098e+01
2.418025565528322929e+01 4.793812835027376451e+01
2.301588967582950929e+01 1.545380405869977736e+01
5.718634252305437826e+01 4.001314455643908730e+01
2.213716438139656617e+01 3.692457491388757518e+01
9.691758411792925187e+01 8.358900541606779200e+01
8.070651669088123015e+01 5.986973371350659789e+01
5.784358817983586221e+01 8.359504499640084418e+01
1.753024315346509354e+01 8.447815179102036609e+01
3.241628009472800898e+01 5.755159955357741808e+01
7.300540365884332061e+01 5.328364356108179578e+01
9.329678811752087597e+01 5.982425606801372453e+01
9.674883098190130681e+01 3.539259742730883573e+01
1.898160284337662418e+01 3.739774880809604696e+01
9.726748252160264485e+01 2.944399208270199253e+01
1.303903707910284204e+01 5.130589206298156313e+01
3.578404380743580049e+01 8.345839138303809079e+01
4.100999093661549466e+01 5.307834961129275086e+01
6.361993172374551087e+00 1.759099709689198221e+01
7.741525321147183547e+01 9.300070483842897318e+01
2.839330221917168373e+01 9.695006906844213290e+01
3.434781782997205113e+01 1.778262193211476472e+01
4.722661406138288953e+01 7.283029056751648689e+00
5.858892111973320738e+01 3.633208788760568808e+01
1.979047927064377532e+01 6.311471041436992380e+01
1.619306002566267821e+01 8.620578259518639186e+01
3.796779645512243562e+00 1.902300539381010935e+01
1.202371018567295380e+01 3.730656818361327254e+01
3.425663720548927671e+01 2.320661615729640204e+01
4.098923808941116675e+01 3.485494206419910057e+01
4.213797112095075192e+01 8.694612625378469772e+01
2.327821414139038581e+01 3.931643461776731385e+01
2.431144985571105810e+00 5.767314604375192033e+01
4.387892859237218346e+01 7.868502832887928378e+01
9.770803372268939313e+01 6.339309269720367013e+01
6.996608342508138234e-01 8.426385809865959686e+01
7.470474209389870168e+00 3.794067382716605152e+01
7.279561589136514499e+01 3.780508415671302025e+00
9.072663466945598998e+01 8.515706769430873635e+01
2.447350226550991792e+01 1.076033642085284825e+01
6.843348246460476503e+01 6.094270574904172832e+01
3.962773403135488337e+01 8.670811056471808342e+01
5.010120321535561771e+01 8.887586034316376526e+01
7.313971839525723340e+01 9.721626802217973307e+01
3.515694180277964875e+01 8.931791525768019824e+01
9.309842367335149049e+01 6.574546935304323370e+01
5.090253700078582710e+01 3.854662395946058240e+01
4.930696038031343420e+01 5.490344923683603184e+01
1.584615498587775839e+01 4.780953887282383619e+01
3.451764939097577667e+01 9.004097305705815302e+01
7.891683340022193249e+01 3.987716838711740763e+01
3.709343636273100486e+01 2.117687874528434122e+01
1.049479395639840362e+01 6.173664925700828832e+01
2.748211856348538618e+01 3.089080566116180648e+00
4.163570452557677015e+01 8.524818298651285886e+01
4.015163217678276197e+01 5.604138139450986955e+01
3.850920267333705294e+00 3.873596146643905058e+01
2.877693447693108197e+01 4.281332904603953438e+00
4.415850133828749335e+01 5.840713892057870282e+01
7.958401766586304404e+01 9.241706397962620656e+01
5.415371319006835193e+01 3.370525172618462051e+01
3.679433229230080116e+01 8.109030513143646601e+01
6.633848807138321035e+01 1.378118210182580405e+01
6.982256349633567538e+01 7.805580933487779305e+01
1.679177075475071135e+01 7.395958359071966015e+01
7.824091654188973166e+01 3.502947568661974032e+01
9.343661460719845024e+01 1.301279268833472891e+01
5.429856621394798744e+00 5.715367140115875344e+01
9.085892312734337395e+01 5.677147310076815501e+01
3.786177818563849229e+01 1.239888789709605588e+00
1.502107089153540898e+01 7.545599391472339335e+01
5.351180320303505766e+01 7.317829391601415523e+01
4.713787750673381538e+01 7.055917157351932190e+01
5.588647213572937922e+00 6.913475234486850241e+01
8.214754507976935827e+01 5.142956732373198747e+01
8.583238678324613957e+00 3.514533784945744088e+01
9.191681095022559589e+01 8.838037303107807929e+01
8.962026182078768954e+01 3.317870941626779313e+01
8.634703284425057745e+00 4.466924185150733706e+01
1.784753576752149229e+01 4.800208520516850541e+01
1.856125673212169502e+01 4.832235972784569356e+01
1.745711202614806012e+01 3.814241906541512606e+01
8.957198638914711353e+01 9.522105972060052181e+01
3.036639752349182686e+01 3.434303027314275170e+01
2.272340325765470226e+01 2.469280409845188373e+01
5.787151351471967331e+01 8.604065290933505139e+01
3.070989476084238845e+01 6.469964797827398861e+00
5.447205000299589983e+01 6.110280382498297769e+01
9.425163506262546065e+00 3.907050985799660925e+00
4.204947005121478298e+01 2.035837635414599234e+01
1.557943607474651060e+01 1.366899139884346681e+01
4.801202167198621851e+01 2.737406833440720177e+01
5.206687243285909261e+01 2.029083958840502433e+01
6.331492451173947877e+00 6.408775228266033741e-02
6.534052550110058810e+00 5.097326079894474837e+00
6.620012990487745697e+01 9.914166149643327230e+01
3.048712435666803611e+00 3.122261996903578662e+01
5.158099632318177896e+01 2.899450153531250507e+01
4.266349293415597543e+01 6.496320341944842980e+00
3.387038872291817881e+01 8.133530806812238723e+01
1.626147609961287710e+00 4.449002949730028433e+01
4.455411724958294428e+01 7.232024985007953433e+01
7.741757592997400650e+01 3.059784501353178143e+01
2.973950650996505729e+01 4.613368168758865551e+01
7.735630165662443858e+01 2.175056809640981825e+01
5.074506963172231622e+01 5.460604035975692483e+01
6.110236070170177669e+01 9.203996327335014271e+00
9.053930439545740683e+01 4.549501666123747157e+01
8.998504620510388463e+01 7.678565763718711423e+01
4.910590748726665566e+01 4.512211938627162766e+01
7.571996439980340199e+01 9.772160565374493046e+01
4.385528734133359308e+01 8.938418835838520238e+01
1.113475640822889012e+01 1.613409128791377256e+01
7.074013164767069384e+01 4.624661730893264178e+01
5.545061363626765427e+01 3.937246577784999602e+01
8.486748248565359631e+01 7.725252261257383068e+00
8.451090989844449552e+01 3.827846205713155570e+01
8.340058144340318336e+01 9.501902530669190128e+01
9.274063091387070301e+01 3.028148991534555634e+01
1.966567822716463354e+01 2.827706515243140206e+00
1.896179780315691588e+01 7.956394091228206733e+00
5.420301140016084673e+01 4.796864937430650144e+01
8.734111515215650456e+01 4.835966348106025947e+01
5.608491574231764076e+01 9.379891305873120189e+01
3.207737511586275758e+01 5.645281824118123382e+01
5.147184350130699926e+01 3.435294368972673595e+01
6.463443360507228874e+01 3.917851906231535253e+01
4.200622557755849584e+01 3.861589978384593991e+01
4.657229387507415197e+01 7.780807189541313562e+00
5.574945656384782211e+01 7.221437458517698360e+01
2.057403801967112145e+01 6.607247337981706892e+01
5.987138639198214918e+01 6.236029549611745892e+01
1.881311369073256756e+01 9.146742233609195694e+01
2.582036597925255350e+01 8.202522037645113073e+01
2.120373939220036164e+01 9.530582413790087060e+01
3.392172387518068888e+01 8.985545788419221935e+01
9.763626507373352581e+01 7.484794122858342291e+01
4.706231581376042072e+01 9.169825338371948931e+01
5.777072671697042949e+01 1.177546256770168576e+01
7.413575806381913935e+01 6.155008695160508836e+01
5.301750924113090946e+01 1.701759259077608277e+01
9.904281296722722061e+01 7.773126046067628181e+01
7.303708455201102367e+01 4.404758608157167998e+01
3.390304391919777061e+01 7.634505726226841205e+00
8.248244695481027122e+01 6.872214924950253589e+01
6.042040258665587515e+01 8.140132393753218309e+01
9.317678650523386352e+01 4.147642415085640977e+01
3.026511055895365399e+00 4.542411688967799677e+01
6.244170948045407954e+01 2.349524517706374027e+01
1.226505591173891796e+00 4.174570182419647502e+00
4.822215626399133725e+01 6.518759213629532212e+01
7.282209786252215622e+01 6.867522474782319364e+01
3.739737395075958659e+01 9.858953980663304151e+01
7.999086369759909587e+01 8.203042409477309604e+01
2.350684819906337708e+01 5.184214811392228484e+01
9.726626500360028160e+01 7.416109557922980766e-01
2.423685613285603679e+01 1.745927497626248481e+01
2.163384515868213143e+01 2.923571645712280453e+00
6.811116378200759414e+01 8.094935043759147675e+01
4.962457513884854166e+01 6.564571078198297016e+01
6.423525054204988294e+01 8.108711386150079647e+01
6.311753790970776379e+01 8.486313749331196865e-01
5.269077948885539797e+01 5.787395902810337134e+01
5.861556998389566786e+01 9.573512486914876263e+01
1.319439979884512759e+01 3.085751576854731582e+01
3.378108741425959494e+01 8.042739661430353237e+00
8.899209009902183709e+01 5.666544798606329181e+01
2.231115876804625486e+01 3.906331911639465204e+01
2.015043293132932689e+01 1.047833990793597891e+01
1.132697128286909916e+01 4.816628785252864020e+01
6.040246834065880144e+00 8.305010231353813310e+01
7.878522713612076700e+01 2.363981410099184899e+01
5.449732986953917191e+01 5.582403077549489012e+01
6.386677043692524336e+01 3.149211827269387953e+01
8.815756630532330007e+01 3.299618122773067341e+01
7.205950034412532546e+01 1.711413996159757289e+01
2.759247986953355536e+01 2.778765779351240894e+01
7.595394564604104914e+01 4.537026106629998168e+01
2.842036333327198605e+01 1.691199704860895636e+01
4.055181114960080180e+01 9.415825227934784891e+01
4.998228300827661741e+01 2.599308929685181369e+01
5.748520756954569322e+01 7.349822678300469647e+01
6.494407964169238490e+00 5.818343956870186418e+01
7.529757953029944417e+01 5.312663319200586898e+01
8.091429098551826371e+01 4.624174565367481904e+01
9.161200671997480072e+01 4.474671238323054467e+01
6.165870943183951169e+01 8.551243845630085616e+01
7.967069068908257634e+01 2.642317783386594598e+01
5.241626713071776322e+01 8.058721995008514227e+01
5.408544668652371001e+01 1.020994098401160066e+01
6.839338055271346661e+01 1.165574738367262597e+01
6.478238057567848784e+01 9.897604496170583133e+00
5.613935019641152735e+01 8.839052989538318172e+01
3.313724223204759767e+01 4.142733721129006597e+01
2.693977562102478629e+01 9.502168739914040430e+01
2.144486518644022865e+01 9.426613384590768874e+01
7.485335374942671649e+01 7.976546710346148927e+01
8.997540808747308461e+01 3.930685554598777287e+01
5.096260292966039174e+01 2.865241804563087413e+01
3.855002258836758244e+01 4.864076797321474288e+01
3.703129782203179587e+01 6.400656311959333777e+01
5.433900330883404628e+00 1.022445648453405909e+01
5.246143837108344421e+00 6.197096391672779703e+01
5.623709776263549287e+01 7.524758226948210904e+01
5.501304937294361252e+01 8.431474845126027162e+01
2.362160395068191221e+01 4.954790698808986349e+01
7.820032508028685925e+01 5.416994590972082690e+00
5.405776261075295963e+01 5.177084535908459628e+01
1.577740847867792873e+01 5.388044996833449574e+01
6.410490649943469066e+01 2.622209215826452677e+01
8.819305607499231314e+01 9.256912707005120922e+01
6.781670929296720374e+01 9.659420079393041192e+01
8.090894919862455481e+01 3.554985715800423662e+01
8.509776419266023595e+01 7.117546208723236134e+01
7.659245667820444226e+01 6.944395041532997936e+01
2.121479577441457565e+01 9.148815720877058766e+01
4.536860713053895466e+01 8.299688016204017060e+01
9.218972273738575751e+00 1.178849777755723238e+01
4.357624801042315532e+00 7.486662332660827701e+01
7.146082412053868893e+01 1.736278739635030988e+01
5.291264455435455005e+01 6.282230879311557459e+01
3.399777083378181430e+01 3.601508645155237787e+01
5.459036866882367889e+00 8.135693472873276733e+01
7.284509189093722625e+01 6.297972642955357259e+01
4.597660654502762867e+01 2.186954991047715424e+01
3.365804768803438662e+01 6.511776524834231417e+00
8.137839989800862384e+01 9.444978930728964883e+01
1.181257665707384064e+01 5.194099343006545411e+00
6.801640818268825228e+01 6.210932366648192016e+01
9.812441011803430513e+01 4.044127792140528754e+00
8.540106256743942481e+01 5.384485328283387418e+01
1.682457966582131448e+01 9.392331647403692330e+01
1.579286633794795058e+01 4.147066038170394542e+00
1.065884256300462596e+01 7.060437219711224088e+01
6.505416145783577520e+01 9.765659323784363721e+01
2.850692534284057444e+00 5.008546363100664678e+01
1.219478725092242932e+01 4.432758923821504737e+01
4.837171703035557613e+01 8.548568621533256362e+01
3.933053945160030196e+01 4.415992388695475057e+01
3.808324036099167387e+01 6.847878739632609779e+01
7.262585343449649145e+01 3.695307040445183588e+01
7.557442601564081208e+00 9.079360733311325760e+01
8.845020052439076608e+01 2.019840484494269006e+01
7.028386847594933329e+01 9.107030150064746010e+01
3.539789069229638585e+01 3.504927346252336662e+01
2.053495967785593379e+01 6.700497310003497908e+00
5.086042124352437810e+01 9.561321236920226951e+00
7.804010863324631941e+01 3.497692362171454761e+01
7.192999407273251222e+01 4.614678902837763985e+01
3.694039631492476872e+01 9.272596477192172060e+00
2.947100132213486390e+01 1.577382814873653727e+00
9.264768431552113270e+01 7.885948367363748446e+01
1.390875713616085996e+01 7.503137852765217986e+01
8.173187583765567865e+01 2.935756995778417533e+01
3.891889119470440050e+01 1.032983419035087991e+01
4.530675781206542041e+01 6.435572689601953300e+01
1.050251587783103702e+01 1.575619867805214458e+00
1.084821639156351658e+01 4.882322919965871932e+01
5.040061201453237771e+01 8.952499893006169884e+01
6.838448260369919751e+01 2.230761294360626934e+01
9.733899147125845275e+01 8.290905397520822362e+01
1.226662388642627022e+01 1.104617240421761437e+01
2.137600659456849428e+01 3.319912293609191067e+01
9.755484983211142946e+01 3.576947671164268172e+01
3.734509662601402624e+01 8.064370480396026153e+01
2.946693395705285567e+01 2.833378688820348401e+01
1.785878577169905768e+01 2.858661819649237046e+01
5.089423118666477563e+01 9.400971359294359786e+01
7.691876752158569275e+01 8.527346457600289398e+01
9.631963702678663708e+01 3.896725421723316174e+01
7.216637715332507241e+01 8.515421351657909810e+00
4.428489810986672381e+01 6.829792431942091468e+01
4.894162907681503327e+01 3.327887041181273275e+01
6.161265730001621677e+01 1.833583839160196405e+01
4.692245663466046324e+01 8.119195126052571254e+01
7.520166480690318167e+01 3.425121951580570112e+01
1.952468404524246282e+01 7.335400030638743374e+01
1.232125447705446497e+01 8.167673022564348173e+01
9.019215157730138799e+01 1.791837262824101984e+01
8.621629694766193097e+01 3.198745107836436929e+01
6.526632149017710560e+01 4.593035203680877743e+01
6.426619047497686665e+01 7.184259797066570741e+01
5.303454918462529122e+01 7.206513330902211578e+01
6.316352778261691725e+00 5.505524522394651399e+01
2.840924548376781900e+01 2.166246991681981271e+01
3.339200095897167930e+00 7.522532254235136406e+01
9.314369521715850908e+01 7.942699006731946554e+01
1.141444109911771498e+01 4.411544564371716604e+01
9.004579772709206509e+01 2.808440706137773191e+01
9.992700503204343931e+01 9.910163241396734435e+00
8.197529655041884666e+01 7.450597005640435100e+01
2.956121523378473270e+01 6.155441434195005002e+01
8.321688425876986628e+01 5.581804409428408320e+01
3.104336663663544016e+01 2.391909226957666235e+01
3.346082290330008924e+00 8.095837248533888086e+00
5.221128293881718463e+01 1.806497197508112151e+01
4.614937908302498215e+01 9.500102745136294402e+01
4.911190646193544396e+00 6.206970394685384917e+01
3.657567395669206434e+01 8.023570635366984050e+01
4.179012064905376889e+01 8.931082272404377420e+01
4.512886681832786451e+01 2.280831063297032912e+01
4.672740290254699147e+01 9.165052519722401314e+01
9.974636244575789590e+01 3.906349094540975120e+00
2.197132111618822492e+01 5.627529465419952714e+01
5.127632205899633533e+01 9.078379468563188937e+01
5.285349858591960981e+01 1.323502245975426383e+01
9.347072885999024550e+01 1.825213638052909459e+01
7.562959104572869684e+00 7.967341164111783769e+01
2.481722227522042523e+00 7.183094353965992696e+01
6.348146869031781137e+01 2.922335454692289147e+01
3.312970364146386260e+01 6.411661895183688387e+01
2.039191360603641456e+01 9.400202384870594230e+00
1.839970239363596938e-01 3.741880917801466211e+01
5.065383163776893127e+01 7.092974827202490928e+01
8.918188465255400388e+01 9.803272988555615086e+01
7.770614152667398855e+01 3.965326428397244740e+01
1.148420777706625273e+01 7.830072896475938649e+01
7.524083465116136793e+00 2.867959920721109768e+01
9.279621815904798154e+01 5.337898403097828037e+01
6.277918641584887638e+01 1.897653682109738682e+01
5.639534599911204538e+01 1.271211575377365399e+01
8.364186402579856860e+01 5.846734724867499722e+01
5.650007713423114097e+01 3.055914800174494417e+01
7.021241228571739157e+01 1.900526197580865784e+01
9.730599098713416595e+01 4.379107120623395843e+01
7.247067041344506322e+01 9.485580413362747265e+01
4.548386155883029858e+01 6.526688857249305897e+01
4.823478816460575302e+01 4.123867346962852309e+01
7.845502029101132280e+01 1.101397453388850067e+01
6.021521029072590636e+01 6.331138767456234717e+01
7.397715802023986953e+01 1.661055624327182656e+01
7.602350342833599939e+01 8.997783711644720483e+01
2.365973383358667448e+01 5.966536740756843926e+01
4.844518436512220205e+01 7.483347192166068851e+01
3.248911603935487591e+01 4.945261452787211631e+00
5.392619876839509274e+00 2.057708381702056055e+00
3.915148006712620798e+01 7.560503216255690973e+01
2.106297035751071434e+01 5.354556238909511023e+01
5.730165222534054692e+01 1.836896129807874445e+01
9.733663364189520451e+01 1.396394870894213724e+01
2.319903575032904541e+01 6.980730400877413899e+01
8.819752842569608120e+00 6.868289730915935820e+01
3.507419253470106213e+01 5.705454100717536647e+01
9.921570732221738353e+00 1.352921282571238137e+01
6.806851554106386004e+01 7.013678102294764471e+01
7.684060050027471789e+01 4.204567356130372247e+01
8.674733726621947483e+01 5.286410392861073149e+01
3.202351063118479857e+01 1.040707109980614575e+01
1.252947128961303669e+01 8.046869499630699352e+01
8.524054302146683426e+01 4.501858732896791082e+01
8.541395644909421492e+01 9.063316294487246694e+01
4.707629571066996732e+01 2.456543646965429062e+01
6.623819506086324793e+01 6.813926611474681749e+01
7.811099890531552603e+01 2.353984723963767678e+01
8.650822741282556194e+01 7.544763250064460181e+01
3.750379599514593565e+01 9.707263116588473295e+00
4.525493646285260496e+01 4.632354883771554910e+01
7.839016047231395135e+01 8.032912904411979582e+01
3.378089798324783288e+00 8.831173120453567549e+01
9.385834186983217364e+01 7.144660533938863978e+01
5.844851222748332731e+01 7.069894232354077701e+01
1.349227885412624062e+01 4.519584944713667340e+01
2.356304620558537621e+01 4.551578953187716792e+01
5.560292054694282626e+01 3.609251754176454341e+01
2.598448448161803626e+01 4.084346356840965342e+01
8.111110487073244713e+01 1.139844093071224229e+01
3.147662646671600228e+01 2.818740058140242866e+01
3.596387740036653469e+01 9.771482152757926087e+01
9.632666669614923194e+01 1.407487625911593199e+01
2.125466876721692699e+01 8.283489406240866515e+01
8.952250875976052669e+01 5.875846476236286975e+01
9.254215722556325829e+01 3.477744522261314586e+01
5.082013553512289228e+00 7.093231765131108091e+01
1.510657422016680940e+01 8.460103351837073404e+00
5.924404880928064898e+01 8.964916043432856085e+00
7.990670869122571673e+01 1.769256099019784401e+01
7.966385836697362777e+01 9.339898759191808608e+01
6.288841048390064969e+01 3.226904572559010642e+00
3.891477707722912527e+01 1.849133098427734012e+01
3.931942211432355805e+01 6.489926155884715797e+01
5.933479455268700065e+01 2.043052693848988355e+01
7.629770248955939849e+01 9.081142101940299938e+01
4.861792751989230510e+01 1.226157988992593140e+01
8.852624254698224604e+01 4.494459416947541541e+01
2.633645614904186516e+01 9.780911267633042527e+00
2.777948823188407346e+01 1.585896490880240073e+01
6.853937602999590695e+01 2.032164541088121013e+01
5.063641013141554481e+01 7.362138958350820417e+01
9.125396306219229814e+01 6.574298435158235066e+01
8.208149293534526691e+01 5.049801182490681128e+01
7.470790039501520141e+01 6.198820158000486202e+01
6.819057286167078757e+01 5.437175871542271466e+01
5.538718912535681937e+01 3.107898329900530143e+01
5.759866328798172219e+01 9.430196620258594464e+01
4.957031428328264155e+01 9.691808540230528024e+01
5.920122776143309551e+01 8.905108835969636871e+00
1.734861234079516024e+01 3.549893020442637237e+01
9.971652985537262737e+01 6.596653986068746178e+01
4.776051009435230554e+01 8.824277235578874468e+01
1.091113403016288430e+01 7.409696628996029233e+01
9.802368362342178898e+01 3.869062226204696486e+01
8.995593119876269839e+01 6.656305960685156720e+01
5.901226767292817499e+01 4.059234128361210736e+01
4.018444914379364263e+01 5.026623068855434440e+01
6.335325588628336391e+00 2.226594203257278437e+01
7.642424668950227318e-01 8.104322598364353780e+01
8.425414365914377868e+01 6.895481532856581453e+01
3.541498465250012373e+01 3.964133273793446222e+01
3.379858100498028817e-02 9.301364798704797465e+01
3.394329894052040686e+01 4.960411291085375041e+01
8.993173334278712616e+01 9.314452670195350947e+01
5.850922174682339261e+01 7.280345637016159444e+00
2.864345685981374956e+01 5.822575155562989124e+01
7.324688554426975884e+01 7.640396700073218028e+01
4.646852391141863592e+01 8.415801957443264314e+01
5.050093324412635809e+01 4.449220748827429617e+01
2.284864178991347572e+01 4.045686439632292064e+01
1.105526709512587047e+01 8.186090946284164716e+01
8.104920567993502800e+01 5.123971623891950600e+01
3.212714010482986282e+01 8.738453126856336439e+01
7.350565831805843686e+01 3.289138257172488977e+01
6.842775720564078767e+01 5.775980193063607970e+01
1.846197900290693195e+00 3.842741811574781785e+00
9.740113466857054902e+01 1.879996481295673538e+00
9.685638979862275733e+01 3.134443356252482005e+01
5.148410939214942061e+01 8.678812314140988349e+01
2.448896021791219724e+01 9.993331092406682714e+00
9.406846877842605181e+01 5.313241712429207553e+01
6.821908269460270446e+01 6.731535427612968192e+01
2.953638407845812708e+01 1.468760655945520988e+01
5.147337380399618922e+01 8.003731732258447096e+01
5.917981404772950782e+01 7.432201559390966850e+01
2.049418167234127353e+01 7.023508114285537829e+01
5.618292501018519403e+01 1.543387305710179458e+00
2.147479738177489494e+01 8.831006511501506395e+01
8.892791857427354785e+01 9.498045569983332825e+01
2.120144768673993951e+01 5.735567573334819969e+01
5.274025758390327212e+01 2.304764558703063315e+01
6.119841754492298946e+01 5.014139220590767820e+01
2.492764206832630691e+01 5.805480734354574679e+01
8.148582581499861988e+01 7.641175150704185626e+01
4.484293043838950865e+01 5.974785986344696376e+00
8.640508259944854785e+01 3.891139917024942463e+01
5.910720311063677457e+01 5.462416524748512359e+01
6.226753446379095891e+00 8.864358718909490165e+01
6.931177180694032813e+01 5.770012725037528867e+01
6.868090446511325808e+01 2.849158585466983595e+01
3.202214284428495006e+01 8.917508613745452806e+01
9.872666699752522845e+01 8.820506785447014408e+01
9.071847344316471151e+01 2.020146433273398401e+01
7.651513296948519383e+01 7.964639197087213063e+01
1.518191998600117998e+01 9.771658065622513334e+01
3.700206765765420158e+01 6.792217756990444855e+01
2.076422619668963776e+01 9.820048524914332688e+01
1.806356977581212675e+01 4.569186826501594112e+01
5.625529254612293784e+01 9.954939559081074663e+01
2.210361972549167575e+01 1.098222937946311761e+00
5.524181530589322264e+00 8.508702324940218276e+00
4.000962210819572817e+01 6.463138468779222023e+01
6.313286757242533298e+01 4.623637555457482762e+01
5.327497183032099315e+01 3.244463937936566822e+01
3.936502804950113621e+00 2.195587629543425479e+01
6.093622523403551128e+01 3.595864564923506634e+01
1.113096238632265589e+01 5.966289218499459679e+01
2.416371345713907459e+01 1.849435829487366512e+00
7.986435656429470953e+01 6.788463800581387986e-01
8.149582780035949270e+01 9.504627655029590017e+01
9.839542703628326592e+01 1.849789545801370139e+01
6.296845412020033450e+01 1.915965318640677850e+01
1.669838066059089243e+01 8.103202389601246125e+01
6.485152149798885546e+01 7.295367320671383027e+01
8.058141944025709336e+01 8.695514122348052410e+01
7.405189614466014802e+01 8.610560097084642450e+01
9.546384354842074060e+01 1.406151820628974392e+01
5.073698561207250179e+01 5.859671112084608069e+01
6.029789380743070382e+01 4.011957442393506490e+00
9.104135050021174891e+01 6.423439661238082010e+01
2.596783373782776039e+01 5.197757568768113146e+01
1.930422150497521361e-01 3.709879612415041805e+01
1.164046782610959774e+01 2.435675567218882875e+01
3.894823195363778723e+01 9.150482439040430904e+01
2.503560209881309717e+01 2.044405975399727993e+01
8.655110094070019500e+01 2.343102908853023791e+01
3.894195521201098131e+01 4.951955501433440787e+01
4.259068232150314515e+01 5.564033587260187375e+01
3.055157886378074750e+01 7.442203772925866545e+00
2.859400903274957173e+01 1.113299825747171212e+01
9.439734499640638887e+01 2.645905130843587916e+00
9.723859922831812241e+01 8.986118854482712948e+01
1.670742333713333494e+01 4.797558484039063842e+01
4.845789961910708854e+01 7.700531714456403165e+01
5.198754228278414757e+01 3.949925007275270872e+01
4.123971371037872302e+01 7.795537602061189375e+01
9.147682576043382596e+01 4.143275592542847363e+01
1.505417209819619195e+01 3.117293539977303851e+00
6.578951164418343467e+01 5.400240409840010614e+01
9.462211797694773452e+01 9.082511374299652118e+01
7.444646385239738606e+01 8.117321887108181500e+01
1.425614278496063392e+01 1.338841901784223509e+01
3.069277383885009414e+01 5.684682510646378262e+01
6.902875489044410529e+01 6.124435270263084163e+01
6.428902887938964739e+01 9.762276392319367346e+01
7.237735096010256086e+01 5.868637387579603626e+01
2.686690074711428067e-01 6.961595014185456876e+01
4.854756237405704411e+01 1.697609234460447780e+01
1.759153493567907134e+01 9.700546199316413265e+01
9.398140953573464174e+01 6.957907721846321181e+01
3.650471201935071264e+01 3.522112319954723603e+01
4.753445319250899104e+01 2.798153773321842053e+01
7.665387917154184549e+01 6.258862533727130995e+01
3.109883127319572083e+01 4.244339076915913722e+01
1.659102938910528735e+01 2.572094920357733727e+01
3.326850446558952967e+01 9.103749324150265920e+01
6.894168028093021761e+00 4.752464725055016714e+01
4.425912212778772670e+00 3.758694186694312123e+01
4.371472357013947985e+00 7.345466710322287440e+01
9.883129456957396997e+01 6.866050123640359004e+01
7.107743097985044756e+01 7.120864548311040210e+01
2.734687506563350112e+01 7.134609998732157976e+01
4.082459562496495664e+01 7.589443743969054879e+01
8.832219233192604690e+01 5.841613056064402798e+01
7.289989938628855271e+01 8.230360182109455991e+01
2.799520777910724689e+01 9.404611359073133059e+00
1.752472502064179949e+01 7.552966097161623793e+01
3.738614909229154648e+01 9.417860419218364143e+01
3.811828626232141914e+01 6.848498041205340314e+01
3.662199491477664282e+01 5.470931565142670649e+01
9.420592961563073686e+01 6.989049938036617959e+01
4.574680884636323697e+01 1.100097643723756846e+00
1.741514658435021801e+01 5.017272105914201319e+01
3.868703951066687807e+01 2.178661894136416777e+01
2.362738811579876952e+01 3.751833408024084804e+01
9.044712022433388654e+01 9.470481909564921352e+01
8.726979516785116076e+00 1.779399524340126604e+01
6.605091903640465034e+01 4.955157514175007805e+01
9.368843272965794711e+01 5.437311136833071856e+01
7.967705702394109579e+00 6.658833206938035687e+01
3.667671314285914974e+01 3.596291348150136002e+01
7.599294347501962932e+01 5.420143816350094568e+01
1.149257440655146389e+01 1.337909252074504707e+01
4.838004230911845127e+01 4.961086071543901710e+01
8.186407293279845021e+01 8.500203722389510119e+01
4.320176320299587758e+00 7.607000254842918707e+01
5.489253655769515206e+01 5.006698521322896767e+01
7.717010019215294392e+01 7.230768318861149169e+01
2.397062258048477668e-01 1.585713965625369148e+01
9.409430212997565945e+01 2.386709438816974682e+01
5.337547373649454130e+01 8.454142230774341726e+01
1.857191343725282451e+01 6.210245329984578433e+01
2.335417551144685966e+00 8.462283252022361069e+01
1.165402839502973009e+01 9.602385028080261975e+01
3.899594384198819341e+01 1.962173409742383967e+01
6.261218230361686210e+01 7.567265698484733605e+01
5.558464757892519259e+01 3.860512573207036269e+01
2.987409514834829594e+01 6.707722203204279765e+01
5.198421829938153849e+01 7.825413745746674010e+01
1.668808270091567536e+01 3.384829118561385286e+01
6.325617468136184129e+01 2.100825902121526312e+01
9.918293687476912979e+00 1.814871119249086462e+01
7.107524423444422723e+01 8.708839387962984802e+01
9.045639438110235631e+01 7.131495050681519388e+01
2.945533535883544829e+00 8.455069651107801576e+01
9.518204489498494070e+01 5.632100727237807547e+01
6.909211877225531850e+01 1.375395828567163825e+01
1.842346052565773107e+01 7.142753632340000536e+01
9.837679080589525427e+01 3.007748896725358989e+01
6.745138655763649638e+01 3.737273460131731184e+01
4.969922306467742601e+01 3.006356886125335848e+01
1.304539158616466210e+01 5.283870643602623929e+00
6.866869459332372116e+01 4.291948673451295093e+01
7.236109267564540914e+01 2.065291284613912737e+01
2.117362414541357651e+01 8.904917537656108095e+01
5.450120407831911251e+01 8.442979882677541070e+01
1.005743435121021889e+01 6.441949776579602371e+01
2.578510019266284203e+00 8.113267863222056064e+01
5.150789164542588594e+01 9.303490440036864584e+01
5.244762909246964000e+01 5.445342518130942011e+01
7.758560086488053287e+01 4.762967394088845907e+01
1.077443240712137573e+01 4.667771963713584427e+01
6.138363222656009555e+01 2.919789297934523731e+01
1.810525591396971379e+01 5.976042303245534271e+01
5.927538194659882720e+01 8.555664251817233890e+01
9.713315763377265455e+01 8.974604964710122701e+00
1.562021133285957042e+01 1.017854917337118970e+01
1.425847560831274485e+01 8.428890592618328981e+01
5.309803590788414596e+01 8.661956828395815933e+01
4.941818772322413622e+00 7.427166009986385120e+01
7.566874361395311155e+01 5.944302285064152613e+01
5.870145888007314028e+01 8.572617801172947338e+01
2.386252056987142467e+01 6.127996889933942271e+01
6.685885659738390530e+01 7.537041221529730706e+01
5.431487329970806854e+01 1.930648564328741656e+01
2.982383735004059844e+01 3.190047411802246913e+01
6.693615958417586853e+01 4.059826980372810112e+01
7.857819375515830984e+01 2.831979176416983179e+01
6.979616278307332777e+01 9.668344971569415236e+01
8.808021479662517095e+01 2.907154468310603335e+01
8.224009218730036253e+01 8.521337243039783971e+01
3.804614964781615072e+01 9.786030352015994538e+01
9.539192160376902052e+01 5.230462530269502963e+01
8.214920939977710646e+01 4.848995751165317358e+01
3.892419354008706023e+01 8.709102817209949876e+01
2.276161756495089250e+01 1.459293715404017888e+01
4.653405097617490327e+01 8.146307644502402923e+01
3.191151192035130979e-01 7.039657159261246022e+01
4.274304534436345904e+01 6.717797171658742172e+01
4.576698376134363144e+01 9.705791864407152048e+01
8.648445735987483829e+01 7.559082115795035861e+01
2.895839271552785732e+01 5.342061689748457098e+01
1.618909091511233456e+01 7.536586470686172490e+00
8.174040866165441344e+01 8.598525369818567299e+01
4.220036139814199672e+00 6.982062345827958438e+01
1.505679833472557405e+01 8.646012832711457463e+01
5.503399584211129536e+01 5.310294798254172832e+01
8.432043180070837707e+01 5.042591739931418715e+01
5.407573238670627447e+00 6.646964115391934058e+01
9.891587491096736073e+01 4.433176682532381818e+01
5.356066932601885355e+01 2.167749242935212806e+01
5.892470397936398996e+01 9.472025562763225492e-02
3.140568874376159503e+00 5.924381909856750639e+01
7.049129184824009542e+01 4.588361421873961632e+01
2.642179076858879228e+01 1.625827560958372331e+01
4.294153281624500096e+01 1.290624808189750006e+01
9.184909676753407837e+01 7.189992553177285117e+01
6.632686497938206571e+01 8.038187636080284193e+00
