5.914208551828846794e+01 6.202347518970420026e+01
7.152175189532421484e+01 5.646743250846277817e+01
7.090949782678367797e+01 1.222217218588207466e+01
9.427255801589812734e+01 1.502178181662307210e+01
6.380332660107096387e+01 8.786286436387472065e+01
3.907093463422308588e+01 8.788346847886381852e+01
8.525080163276325607e+01 8.719528111964244488e+01
8.779191751395907772e+01 6.860445503546131363e+01
9.509985721441910300e+01 4.306869341203416468e+01
2.906990490344814049e+01 7.952557694144807066e+00
3.541971665593781893e+01 5.205655174891303716e+01
2.709541722531216834e+01 2.977858908929796300e+01
5.206179756301538930e+01 1.234366507844238825e+01
7.644460279328963281e+01 3.704138721201633899e+01
3.815536999057762557e+01 7.485252864419135221e+01
1.042893031166350859e+01 4.309057171600431957e+01
1.397479517104793167e+01 6.465581686452767940e+01
1.143972036030130468e+01 9.108906043278474840e+01
5.690032642190359979e+01 3.801040870044865017e+01
3.547053878915987113e+00 1.476052343601385353e+01
